2 0.576 0.010 0.121 0.020
2 0.924 0.035 0.137 0.062
2 0.580 0.074 0.129 0.062
2 0.578 0.148 0.133 0.055
2 0.918 0.189 0.141 0.043
2 0.578 0.221 0.125 0.059
2 0.389 0.273 0.051 0.133
2 0.574 0.289 0.117 0.047
2 0.914 0.320 0.133 0.047
2 0.578 0.354 0.133 0.043
2 0.910 0.396 0.125 0.051
2 0.375 0.449 0.062 0.133
2 0.090 0.748 0.117 0.059
2 0.586 0.547 0.133 0.055
2 0.092 0.480 0.121 0.062
2 0.094 0.543 0.133 0.055
2 0.580 0.625 0.137 0.047
2 0.916 0.691 0.129 0.062
2 0.604 0.703 0.121 0.062
2 0.094 0.611 0.133 0.051
2 0.920 0.764 0.121 0.051
2 0.611 0.871 0.137 0.055
2 0.619 0.947 0.113 0.051
2 0.084 0.035 0.113 0.062