2 0.094 0.062 0.133 0.062
2 0.227 0.131 0.133 0.066
2 0.211 0.266 0.133 0.062
2 0.230 0.336 0.133 0.062
2 0.082 0.395 0.133 0.062
2 0.215 0.465 0.133 0.062
2 0.215 0.604 0.148 0.059
2 0.076 0.729 0.145 0.059
2 0.230 0.799 0.148 0.059
2 0.217 0.869 0.137 0.051
2 0.209 0.939 0.137 0.051
2 0.516 0.939 0.141 0.051
2 0.627 0.611 0.113 0.051
2 0.639 0.736 0.137 0.051
2 0.479 0.604 0.137 0.051
2 0.643 0.475 0.160 0.059
2 0.490 0.547 0.121 0.047
2 0.479 0.396 0.160 0.059
2 0.658 0.338 0.129 0.066
2 0.494 0.115 0.129 0.066
2 0.646 0.131 0.129 0.066
2 0.631 0.072 0.129 0.043
2 0.652 0.203 0.141 0.070
2 0.641 0.270 0.141 0.070
2 0.924 0.414 0.145 0.070
2 0.908 0.617 0.121 0.055
2 0.924 0.738 0.145 0.070
2 0.896 0.949 0.145 0.070
2 0.928 0.277 0.137 0.062
2 0.932 0.203 0.137 0.062
2 0.932 0.133 0.137 0.062
2 0.928 0.068 0.145 0.051