2 0.064 0.926 0.059 0.133
2 0.260 0.934 0.059 0.133
2 0.326 0.941 0.051 0.117
2 0.396 0.941 0.051 0.117
2 0.455 0.932 0.059 0.129
2 0.078 0.684 0.148 0.070
2 0.209 0.551 0.129 0.070
2 0.213 0.406 0.129 0.070
2 0.076 0.268 0.129 0.059
2 0.074 0.135 0.141 0.051
2 0.211 0.080 0.141 0.051
2 0.211 0.201 0.141 0.051
2 0.223 0.279 0.133 0.051
2 0.488 0.283 0.133 0.051
2 0.514 0.555 0.129 0.047
2 0.486 0.699 0.129 0.062
2 0.643 0.688 0.152 0.062
2 0.660 0.955 0.055 0.090
2 0.742 0.939 0.055 0.121
2 0.816 0.930 0.047 0.141
2 0.887 0.934 0.055 0.133
2 0.926 0.695 0.148 0.055
2 0.643 0.555 0.129 0.047
2 0.654 0.488 0.129 0.047
2 0.627 0.422 0.129 0.047
2 0.639 0.354 0.145 0.051
2 0.490 0.143 0.145 0.051
2 0.498 0.080 0.145 0.051
2 0.654 0.080 0.145 0.051
2 0.646 0.150 0.145 0.051
2 0.654 0.217 0.145 0.051
2 0.631 0.279 0.145 0.051
2 0.920 0.354 0.145 0.051
2 0.893 0.424 0.145 0.051
2 0.912 0.221 0.145 0.051
2 0.928 0.154 0.145 0.051
2 0.920 0.082 0.145 0.047