2 0.537 0.367 0.105 0.055
2 0.094 0.371 0.133 0.070
2 0.453 0.576 0.133 0.074
2 0.096 0.293 0.137 0.055
2 0.092 0.229 0.137 0.059
2 0.076 0.150 0.113 0.059
2 0.078 0.027 0.133 0.047
2 0.410 0.027 0.133 0.047
2 0.406 0.092 0.133 0.051
2 0.557 0.096 0.137 0.051
2 0.396 0.154 0.137 0.051
2 0.564 0.158 0.137 0.051
2 0.393 0.221 0.137 0.051
2 0.541 0.221 0.137 0.051
2 0.404 0.293 0.137 0.070
2 0.564 0.299 0.129 0.051
2 0.875 0.168 0.148 0.055
2 0.867 0.109 0.148 0.055
2 0.865 0.027 0.137 0.047
2 0.873 0.303 0.113 0.051
2 0.873 0.377 0.113 0.051