2 0.143 0.033 0.145 0.059
2 0.506 0.033 0.152 0.059
2 0.498 0.146 0.160 0.059
2 0.129 0.879 0.133 0.070
2 0.133 0.812 0.133 0.070
2 0.137 0.738 0.133 0.070
2 0.121 0.670 0.117 0.051
2 0.156 0.529 0.117 0.051
2 0.141 0.385 0.117 0.051
2 0.137 0.307 0.117 0.051
2 0.141 0.248 0.117 0.051
2 0.484 0.316 0.156 0.055
2 0.652 0.314 0.117 0.059
2 0.477 0.598 0.156 0.070
2 0.652 0.727 0.156 0.070
2 0.490 0.730 0.113 0.062
2 0.652 0.812 0.156 0.070
2 0.484 0.812 0.156 0.070
2 0.484 0.879 0.133 0.062
2 0.492 0.941 0.133 0.062
2 0.652 0.941 0.133 0.062
2 0.139 0.102 0.145 0.055
2 0.145 0.172 0.133 0.055