2 0.182 0.863 0.105 0.117
2 0.209 0.812 0.105 0.117
2 0.338 0.797 0.105 0.117
2 0.389 0.762 0.105 0.117
2 0.443 0.730 0.105 0.117
2 0.496 0.703 0.109 0.117
2 0.561 0.664 0.105 0.117
2 0.609 0.635 0.094 0.105
2 0.664 0.592 0.094 0.105
2 0.719 0.545 0.094 0.105
2 0.770 0.521 0.094 0.105
2 0.832 0.494 0.094 0.105
2 0.887 0.439 0.094 0.105
2 0.934 0.393 0.094 0.105
2 0.574 0.846 0.094 0.105
2 0.625 0.795 0.078 0.098
2 0.680 0.771 0.094 0.105
2 0.750 0.732 0.094 0.105
2 0.805 0.697 0.094 0.105
2 0.861 0.658 0.090 0.121
2 0.920 0.627 0.090 0.121
2 0.953 0.592 0.094 0.121
2 0.754 0.900 0.094 0.121
2 0.816 0.865 0.094 0.121
2 0.879 0.842 0.094 0.121
2 0.930 0.795 0.094 0.121
2 0.256 0.688 0.105 0.117
2 0.303 0.652 0.105 0.117
2 0.357 0.621 0.105 0.117
2 0.408 0.586 0.105 0.117
2 0.467 0.543 0.105 0.117
2 0.508 0.512 0.109 0.117
2 0.564 0.473 0.105 0.117
2 0.611 0.430 0.105 0.117
2 0.678 0.395 0.105 0.117
2 0.729 0.359 0.105 0.117
2 0.779 0.320 0.105 0.117
2 0.834 0.285 0.105 0.117
2 0.900 0.246 0.113 0.133
2 0.131 0.553 0.113 0.129
2 0.186 0.510 0.113 0.129
2 0.244 0.482 0.113 0.129
2 0.291 0.443 0.113 0.129
2 0.344 0.404 0.102 0.105
2 0.395 0.373 0.102 0.105
2 0.445 0.328 0.094 0.094
2 0.508 0.289 0.094 0.094
2 0.555 0.246 0.094 0.094
2 0.617 0.211 0.109 0.109
2 0.672 0.180 0.109 0.109
2 0.730 0.137 0.109 0.109
2 0.059 0.426 0.109 0.109
2 0.113 0.383 0.109 0.109
2 0.156 0.355 0.109 0.109
2 0.203 0.316 0.109 0.109
2 0.258 0.273 0.109 0.109
2 0.309 0.254 0.109 0.109
2 0.367 0.205 0.109 0.113
2 0.418 0.170 0.109 0.113
2 0.469 0.139 0.109 0.113
2 0.527 0.096 0.109 0.113
2 0.590 0.057 0.109 0.105
2 0.045 0.205 0.082 0.105
2 0.092 0.158 0.082 0.105
2 0.156 0.127 0.094 0.121
2 0.205 0.088 0.113 0.129