2 0.113 0.592 0.109 0.121
2 0.168 0.557 0.109 0.121
2 0.227 0.514 0.109 0.121
2 0.277 0.471 0.109 0.121
2 0.328 0.432 0.109 0.121
2 0.373 0.389 0.105 0.105
2 0.436 0.357 0.105 0.105
2 0.494 0.307 0.105 0.105
2 0.197 0.705 0.105 0.105
2 0.248 0.678 0.105 0.105
2 0.311 0.635 0.105 0.105
2 0.365 0.592 0.105 0.105
2 0.420 0.553 0.105 0.105
2 0.471 0.510 0.105 0.105
2 0.525 0.465 0.105 0.109
2 0.588 0.430 0.105 0.109
2 0.639 0.395 0.105 0.109
2 0.314 0.848 0.105 0.109
2 0.357 0.801 0.105 0.109
2 0.412 0.773 0.105 0.109
2 0.467 0.734 0.105 0.109
2 0.514 0.691 0.105 0.109
2 0.572 0.652 0.105 0.109
2 0.627 0.617 0.105 0.109
2 0.678 0.574 0.105 0.109
2 0.752 0.539 0.105 0.109
2 0.396 0.961 0.098 0.078
2 0.453 0.936 0.086 0.105
2 0.510 0.898 0.090 0.109
2 0.557 0.871 0.090 0.109
2 0.615 0.828 0.090 0.109
2 0.662 0.797 0.090 0.109
2 0.713 0.758 0.090 0.109
2 0.779 0.723 0.090 0.109
2 0.830 0.691 0.090 0.109