2 0.766 0.006 0.133 0.012
2 0.057 0.010 0.113 0.020
2 0.391 0.010 0.133 0.020
2 0.688 0.023 0.133 0.047
2 0.340 0.027 0.133 0.055
2 0.645 0.049 0.133 0.098
2 0.270 0.051 0.133 0.102
2 0.574 0.070 0.133 0.133
2 0.211 0.082 0.133 0.133
2 0.863 0.090 0.133 0.133
2 0.508 0.113 0.133 0.133
2 0.141 0.129 0.133 0.133
2 0.812 0.129 0.133 0.133
2 0.449 0.164 0.133 0.133
2 0.746 0.176 0.133 0.133
2 0.383 0.207 0.133 0.133
2 0.688 0.219 0.133 0.133
2 0.328 0.242 0.133 0.133
2 0.633 0.270 0.133 0.133
2 0.262 0.281 0.133 0.133
2 0.566 0.301 0.133 0.133
2 0.516 0.348 0.133 0.133
2 0.871 0.367 0.133 0.133
2 0.445 0.387 0.133 0.133
2 0.812 0.398 0.133 0.133
2 0.008 0.406 0.016 0.133
2 0.758 0.438 0.133 0.133
2 0.395 0.445 0.133 0.133
2 0.684 0.477 0.133 0.133
2 0.105 0.504 0.133 0.133
2 0.633 0.523 0.133 0.133
2 0.053 0.547 0.105 0.133
2 0.559 0.551 0.133 0.133
2 0.879 0.578 0.133 0.133
2 0.018 0.586 0.035 0.133
2 0.492 0.605 0.133 0.133
2 0.836 0.617 0.133 0.133
2 0.777 0.648 0.133 0.133
2 0.180 0.672 0.133 0.133
2 0.727 0.691 0.133 0.133
2 0.113 0.703 0.133 0.133
2 0.891 0.723 0.133 0.133
2 0.660 0.730 0.133 0.133
2 0.059 0.734 0.117 0.133
2 0.836 0.762 0.133 0.133
2 0.025 0.766 0.051 0.133
2 0.605 0.777 0.133 0.133
2 0.777 0.801 0.133 0.133
2 0.727 0.840 0.133 0.133
2 0.207 0.855 0.133 0.133
2 0.137 0.859 0.133 0.133
2 0.668 0.879 0.133 0.133