2 0.281 0.057 0.070 0.090
2 0.840 0.139 0.070 0.090
2 0.727 0.295 0.094 0.113
2 0.742 0.408 0.094 0.113
2 0.824 0.385 0.094 0.113
2 0.766 0.592 0.094 0.113
2 0.812 0.549 0.094 0.113
2 0.871 0.529 0.094 0.113
2 0.898 0.494 0.094 0.113
2 0.949 0.639 0.094 0.113
2 0.961 0.807 0.078 0.105
2 0.979 0.748 0.043 0.105
2 0.947 0.285 0.105 0.133
2 0.906 0.107 0.094 0.098
2 0.953 0.076 0.094 0.137
2 0.648 0.221 0.070 0.137
2 0.406 0.254 0.133 0.078
2 0.412 0.332 0.129 0.062
2 0.404 0.410 0.137 0.070
2 0.252 0.555 0.137 0.070
2 0.400 0.551 0.129 0.062
2 0.248 0.633 0.129 0.062
2 0.400 0.609 0.129 0.062
2 0.275 0.707 0.129 0.062
2 0.252 0.766 0.129 0.062
2 0.248 0.824 0.129 0.062
2 0.400 0.809 0.129 0.062
2 0.404 0.738 0.129 0.062
2 0.400 0.672 0.137 0.055
2 0.523 0.889 0.078 0.129