2 0.377 0.512 0.066 0.141
2 0.436 0.504 0.066 0.141
2 0.131 0.695 0.066 0.141
2 0.182 0.688 0.066 0.141
2 0.232 0.680 0.066 0.141
2 0.295 0.672 0.066 0.141
2 0.346 0.668 0.066 0.141
2 0.408 0.656 0.066 0.141
2 0.373 0.816 0.066 0.141
2 0.314 0.809 0.066 0.141
2 0.256 0.816 0.066 0.141
2 0.193 0.816 0.066 0.141
2 0.131 0.828 0.066 0.141
2 0.061 0.824 0.066 0.141
2 0.033 0.949 0.059 0.102
2 0.090 0.949 0.062 0.102
2 0.133 0.951 0.055 0.098
2 0.184 0.951 0.055 0.098
2 0.238 0.951 0.055 0.098
2 0.312 0.951 0.055 0.098
2 0.363 0.951 0.055 0.098
2 0.420 0.947 0.059 0.105
2 0.721 0.482 0.066 0.129
2 0.830 0.584 0.066 0.129
2 0.936 0.229 0.090 0.129
2 0.869 0.236 0.090 0.129
2 0.783 0.447 0.090 0.129
2 0.840 0.426 0.086 0.109
2 0.898 0.410 0.086 0.109
2 0.941 0.363 0.086 0.109
2 0.887 0.555 0.086 0.109
2 0.938 0.520 0.086 0.109
2 0.957 0.664 0.086 0.109
2 0.902 0.812 0.078 0.125
2 0.949 0.805 0.070 0.109