2 0.213 0.064 0.129 0.059
2 0.213 0.125 0.129 0.062
2 0.221 0.217 0.176 0.066
2 0.205 0.283 0.129 0.059
2 0.207 0.355 0.141 0.062
2 0.203 0.426 0.141 0.062
2 0.207 0.496 0.141 0.062
2 0.195 0.566 0.141 0.062
2 0.207 0.637 0.164 0.070
2 0.199 0.703 0.133 0.070
2 0.199 0.770 0.133 0.070
2 0.219 0.848 0.133 0.070
2 0.191 0.961 0.133 0.070
2 0.568 0.068 0.129 0.059
2 0.572 0.150 0.129 0.059
2 0.717 0.150 0.129 0.059
2 0.564 0.221 0.129 0.059
2 0.545 0.295 0.129 0.059
2 0.709 0.295 0.129 0.059
2 0.541 0.436 0.129 0.059
2 0.709 0.436 0.129 0.059
2 0.553 0.510 0.129 0.059
2 0.713 0.574 0.152 0.062
2 0.551 0.572 0.125 0.066
2 0.551 0.635 0.125 0.066
2 0.699 0.643 0.125 0.066
2 0.703 0.721 0.125 0.066
2 0.561 0.789 0.145 0.062
2 0.709 0.852 0.145 0.062
2 0.693 0.930 0.145 0.062
2 0.557 0.977 0.160 0.047