2 0.355 0.045 0.078 0.082
2 0.625 0.051 0.172 0.047
2 0.848 0.875 0.062 0.117
2 0.605 0.885 0.062 0.168
2 0.621 0.693 0.062 0.168
2 0.695 0.703 0.055 0.102
2 0.773 0.730 0.055 0.148
2 0.852 0.701 0.070 0.137
2 0.924 0.727 0.051 0.125
2 0.225 0.818 0.113 0.152
2 0.146 0.795 0.113 0.152
2 0.059 0.787 0.109 0.152
2 0.057 0.469 0.074 0.125
2 0.119 0.473 0.074 0.125
2 0.188 0.475 0.102 0.152
2 0.273 0.479 0.102 0.152
2 0.053 0.314 0.098 0.152
2 0.133 0.311 0.102 0.152
2 0.219 0.314 0.102 0.152
2 0.211 0.307 0.102 0.152
2 0.252 0.043 0.066 0.078
2 0.182 0.043 0.066 0.078
2 0.117 0.033 0.047 0.059
2 0.172 0.971 0.133 0.059