2 0.205 0.131 0.113 0.051
2 0.203 0.209 0.125 0.059
2 0.195 0.275 0.125 0.059
2 0.195 0.354 0.125 0.059
2 0.211 0.428 0.125 0.059
2 0.205 0.566 0.160 0.062
2 0.184 0.479 0.125 0.059
2 0.201 0.633 0.160 0.062
2 0.193 0.707 0.145 0.062
2 0.178 0.781 0.145 0.062
2 0.057 0.803 0.105 0.074
2 0.045 0.674 0.082 0.066
2 0.523 0.330 0.062 0.145
2 0.516 0.490 0.062 0.145
2 0.516 0.779 0.062 0.145
2 0.578 0.779 0.062 0.145
2 0.648 0.783 0.062 0.145
2 0.727 0.814 0.062 0.145
2 0.797 0.791 0.062 0.145
2 0.867 0.799 0.062 0.145
2 0.945 0.803 0.062 0.145
2 0.879 0.490 0.062 0.145
2 0.805 0.486 0.062 0.145
2 0.730 0.482 0.062 0.145
2 0.664 0.486 0.062 0.145
2 0.594 0.486 0.062 0.145
2 0.594 0.326 0.062 0.145
2 0.664 0.330 0.062 0.145
2 0.734 0.330 0.062 0.145
2 0.803 0.330 0.066 0.145
2 0.881 0.334 0.066 0.145