2 0.037 0.240 0.059 0.137
2 0.186 0.234 0.059 0.141
2 0.111 0.236 0.059 0.137
2 0.393 0.223 0.059 0.141
2 0.248 0.244 0.059 0.137
2 0.322 0.232 0.059 0.137
2 0.479 0.234 0.059 0.141
2 0.486 0.395 0.059 0.141
2 0.404 0.391 0.059 0.141
2 0.330 0.391 0.059 0.141
2 0.260 0.391 0.059 0.141
2 0.189 0.395 0.059 0.141
2 0.115 0.398 0.059 0.141
2 0.041 0.391 0.059 0.141
2 0.037 0.719 0.059 0.141
2 0.031 0.871 0.055 0.141
2 0.107 0.867 0.059 0.141
2 0.111 0.719 0.059 0.141
2 0.178 0.723 0.059 0.141
2 0.166 0.867 0.059 0.141
2 0.248 0.711 0.059 0.141
2 0.322 0.727 0.059 0.141
2 0.389 0.723 0.059 0.141
2 0.467 0.723 0.059 0.141
2 0.252 0.867 0.059 0.141
2 0.322 0.883 0.059 0.141
2 0.393 0.883 0.059 0.141
2 0.463 0.883 0.059 0.141
2 0.549 0.883 0.059 0.141
2 0.619 0.887 0.059 0.141