2 0.037 0.197 0.066 0.129
2 0.105 0.197 0.070 0.129
2 0.238 0.189 0.062 0.145
2 0.164 0.188 0.070 0.133
2 0.312 0.189 0.062 0.145
2 0.391 0.193 0.062 0.145
2 0.461 0.193 0.062 0.145
2 0.531 0.193 0.062 0.145
2 0.609 0.193 0.062 0.145
2 0.676 0.197 0.062 0.145
2 0.742 0.189 0.062 0.145
2 0.033 0.342 0.059 0.145
2 0.100 0.334 0.059 0.145
2 0.174 0.338 0.059 0.145
2 0.240 0.334 0.059 0.145
2 0.314 0.342 0.059 0.145
2 0.389 0.346 0.059 0.145
2 0.459 0.350 0.059 0.145
2 0.523 0.350 0.062 0.145
2 0.607 0.354 0.059 0.145
2 0.666 0.342 0.059 0.145
2 0.742 0.342 0.062 0.145
2 0.031 0.693 0.055 0.098
2 0.098 0.697 0.062 0.145
2 0.094 0.838 0.062 0.145
2 0.168 0.842 0.062 0.145
2 0.168 0.682 0.062 0.145
2 0.246 0.686 0.062 0.145
2 0.242 0.854 0.062 0.145
2 0.309 0.838 0.062 0.145
2 0.312 0.693 0.062 0.145
2 0.387 0.850 0.062 0.145
2 0.379 0.689 0.062 0.145
2 0.453 0.689 0.062 0.145
2 0.449 0.854 0.062 0.145
2 0.520 0.857 0.062 0.145
2 0.527 0.709 0.062 0.145
2 0.602 0.705 0.062 0.145
2 0.594 0.869 0.062 0.145
2 0.668 0.861 0.062 0.145
2 0.664 0.689 0.062 0.145
2 0.746 0.697 0.062 0.145
2 0.746 0.857 0.062 0.145
2 0.031 0.830 0.055 0.098