2 0.094 0.094 0.133 0.062
2 0.277 0.059 0.133 0.062
2 0.098 0.164 0.133 0.062
2 0.258 0.148 0.133 0.062
2 0.254 0.227 0.133 0.062
2 0.254 0.320 0.133 0.062
2 0.234 0.387 0.133 0.062
2 0.242 0.461 0.133 0.062
2 0.242 0.539 0.133 0.062
2 0.238 0.613 0.133 0.062
2 0.238 0.715 0.133 0.062
2 0.098 0.867 0.133 0.062
2 0.102 0.945 0.133 0.062
2 0.090 0.801 0.133 0.062
2 0.094 0.719 0.133 0.062
2 0.074 0.648 0.133 0.062
2 0.086 0.582 0.133 0.062
2 0.094 0.516 0.133 0.062
2 0.094 0.438 0.133 0.062
2 0.082 0.363 0.133 0.062
2 0.094 0.301 0.133 0.062
2 0.094 0.230 0.133 0.062
2 0.930 0.336 0.133 0.062
2 0.934 0.199 0.133 0.062
2 0.934 0.121 0.133 0.062
2 0.930 0.043 0.133 0.062
2 0.594 0.016 0.141 0.023