2 0.102 0.439 0.133 0.066
2 0.316 0.455 0.133 0.066
2 0.309 0.533 0.133 0.066
2 0.301 0.607 0.133 0.066
2 0.301 0.662 0.133 0.066
2 0.305 0.740 0.133 0.066
2 0.305 0.818 0.133 0.066
2 0.312 0.889 0.133 0.066
2 0.316 0.959 0.133 0.066
2 0.664 0.967 0.133 0.066
2 0.664 0.877 0.133 0.066
2 0.672 0.670 0.133 0.066
2 0.684 0.600 0.133 0.066
2 0.672 0.533 0.133 0.066
2 0.672 0.471 0.133 0.066
2 0.680 0.385 0.133 0.066
2 0.680 0.252 0.133 0.066
2 0.680 0.139 0.133 0.066
2 0.320 0.127 0.133 0.066
2 0.324 0.244 0.133 0.066
2 0.316 0.342 0.133 0.066
2 0.086 0.357 0.133 0.066
2 0.105 0.295 0.133 0.066
2 0.098 0.209 0.133 0.066
2 0.090 0.139 0.133 0.066
2 0.094 0.064 0.133 0.066