2 0.258 0.084 0.141 0.066
2 0.402 0.074 0.141 0.070
2 0.738 0.070 0.141 0.070
2 0.727 0.137 0.141 0.070
2 0.723 0.211 0.141 0.070
2 0.715 0.285 0.141 0.070
2 0.715 0.355 0.141 0.070
2 0.730 0.496 0.141 0.070
2 0.734 0.578 0.141 0.070
2 0.246 0.508 0.141 0.070
2 0.406 0.500 0.141 0.070
2 0.238 0.426 0.141 0.070
2 0.402 0.422 0.141 0.070
2 0.395 0.355 0.141 0.070
2 0.254 0.293 0.141 0.070
2 0.395 0.289 0.141 0.070
2 0.234 0.223 0.141 0.070
2 0.379 0.219 0.141 0.070
2 0.406 0.133 0.141 0.070
2 0.246 0.148 0.141 0.070