2 0.055 0.076 0.086 0.145
2 0.172 0.062 0.070 0.117
2 0.246 0.062 0.070 0.117
2 0.316 0.061 0.070 0.113
2 0.387 0.078 0.070 0.117
2 0.037 0.375 0.066 0.117
2 0.164 0.363 0.070 0.117
2 0.230 0.359 0.070 0.117
2 0.305 0.371 0.070 0.117
2 0.371 0.371 0.070 0.117
2 0.434 0.375 0.070 0.117
2 0.520 0.527 0.070 0.117
2 0.438 0.508 0.070 0.117
2 0.375 0.508 0.070 0.117
2 0.301 0.504 0.070 0.117
2 0.230 0.496 0.070 0.117
2 0.172 0.504 0.070 0.117
2 0.102 0.547 0.070 0.117
2 0.062 0.785 0.070 0.117
2 0.051 0.918 0.070 0.117
2 0.125 0.918 0.070 0.117
2 0.188 0.926 0.070 0.117
2 0.266 0.930 0.070 0.117
2 0.324 0.930 0.070 0.117
2 0.402 0.934 0.070 0.117
2 0.465 0.938 0.070 0.117
2 0.535 0.941 0.070 0.117
2 0.535 0.812 0.070 0.117
2 0.727 0.746 0.070 0.117
2 0.129 0.801 0.070 0.117
2 0.203 0.793 0.070 0.117
2 0.258 0.809 0.070 0.117
2 0.324 0.809 0.070 0.117
2 0.402 0.809 0.070 0.117
2 0.469 0.816 0.070 0.117
2 0.883 0.738 0.070 0.117
2 0.822 0.303 0.059 0.113
2 0.891 0.297 0.070 0.117
2 0.896 0.596 0.098 0.121
2 0.965 0.596 0.062 0.121
2 0.957 0.758 0.086 0.133
2 0.605 0.803 0.062 0.145