2 0.029 0.289 0.051 0.125
2 0.117 0.301 0.055 0.125
2 0.254 0.311 0.055 0.129
2 0.816 0.307 0.055 0.129
2 0.891 0.299 0.055 0.129
2 0.068 0.594 0.098 0.141
2 0.150 0.590 0.098 0.141
2 0.232 0.586 0.098 0.141
2 0.314 0.598 0.098 0.141
2 0.396 0.586 0.098 0.141
2 0.471 0.602 0.098 0.141
2 0.553 0.598 0.098 0.141
2 0.666 0.586 0.098 0.141
2 0.721 0.605 0.098 0.141
2 0.834 0.586 0.098 0.141
2 0.818 0.738 0.098 0.141
2 0.725 0.723 0.098 0.141
2 0.643 0.734 0.098 0.141
2 0.553 0.730 0.098 0.141
2 0.467 0.727 0.098 0.141
2 0.404 0.715 0.098 0.141
2 0.311 0.723 0.098 0.141
2 0.213 0.719 0.098 0.141
2 0.111 0.746 0.098 0.141
2 0.057 0.723 0.098 0.141