2 0.844 0.205 0.117 0.059
2 0.684 0.236 0.141 0.082
2 0.486 0.273 0.113 0.062
2 0.344 0.316 0.125 0.078
2 0.205 0.338 0.121 0.074
2 0.064 0.363 0.121 0.070
2 0.953 0.412 0.062 0.129
2 0.777 0.465 0.070 0.141
2 0.631 0.492 0.074 0.125
2 0.703 0.469 0.062 0.117
2 0.547 0.500 0.070 0.125
2 0.477 0.523 0.062 0.133
2 0.020 0.527 0.031 0.070
2 0.402 0.539 0.070 0.133
2 0.330 0.557 0.074 0.145
2 0.240 0.570 0.074 0.133
2 0.752 0.936 0.059 0.113
2 0.678 0.943 0.059 0.113
2 0.607 0.932 0.059 0.113
2 0.529 0.932 0.059 0.113
2 0.818 0.936 0.059 0.113