2 0.027 0.254 0.047 0.133
2 0.199 0.947 0.062 0.105
2 0.721 0.707 0.066 0.117
2 0.725 0.863 0.066 0.117
2 0.705 0.508 0.066 0.117
2 0.699 0.371 0.047 0.102
2 0.691 0.232 0.055 0.113
2 0.273 0.947 0.062 0.105
2 0.434 0.871 0.125 0.062
2 0.418 0.801 0.125 0.062
2 0.418 0.723 0.125 0.062
2 0.441 0.652 0.125 0.062
2 0.422 0.582 0.117 0.055
2 0.410 0.508 0.117 0.055
2 0.410 0.422 0.117 0.055
2 0.398 0.348 0.117 0.055
2 0.395 0.270 0.133 0.055
2 0.352 0.074 0.148 0.062
2 0.080 0.246 0.051 0.133
2 0.145 0.229 0.047 0.113
2 0.209 0.211 0.051 0.117
2 0.277 0.203 0.047 0.102
2 0.373 0.146 0.121 0.059