2 0.248 0.010 0.121 0.020
2 0.596 0.035 0.137 0.062
2 0.252 0.074 0.129 0.062
2 0.605 0.111 0.141 0.051
2 0.250 0.148 0.133 0.055
2 0.590 0.189 0.141 0.043
2 0.250 0.221 0.125 0.059
2 0.061 0.273 0.051 0.133
2 0.246 0.289 0.117 0.047
2 0.586 0.320 0.133 0.047
2 0.250 0.354 0.133 0.043
2 0.582 0.396 0.125 0.051
2 0.047 0.449 0.062 0.133
2 0.258 0.547 0.133 0.055
2 0.252 0.625 0.137 0.047
2 0.588 0.691 0.129 0.062
2 0.275 0.703 0.121 0.062
2 0.592 0.764 0.121 0.051
2 0.283 0.871 0.137 0.055
2 0.291 0.947 0.113 0.051